# x	u	v	u_with_step_h	u_with_half_step	err	h
0.001	9.9	-198.499	9.90001	9.9	3.12083e-06	0.001
0.002	9.60783	-382.585	9.60784	9.60783	9.70757e-06	0.001
0.0025	9.39536	-466.235	9.39536	9.39536	4.39549e-07	0.0005
0.003	9.14273	-543.105	9.14273	9.14273	4.67625e-07	0.0005
0.0035	8.85349	-612.61	8.85349	8.85349	4.70408e-07	0.0005
0.004	8.53141	-674.408	8.53141	8.53141	4.5107e-07	0.0005
0.0045	8.18038	-728.393	8.18038	8.18038	4.1424e-07	0.0005
0.005	7.8043	-774.669	7.8043	7.8043	3.65244e-07	0.0005
0.006	6.99194	-845.386	6.99195	6.99194	9.112e-06	0.001
0.007	6.12212	-890.379	6.12212	6.12212	5.61051e-06	0.001
0.008	5.21808	-914.682	5.21809	5.21808	2.71468e-06	0.001
0.009	4.29788	-923.585	4.29788	4.29788	7.15672e-07	0.001
0.01	3.37442	-921.953	3.37442	3.37442	4.45181e-07	0.001
0.011	2.45612	-913.836	2.45612	2.45612	9.89072e-07	0.001
0.012	1.54787	-902.298	1.54787	1.54787	1.15982e-06	0.001
0.013	0.651975	-889.389	0.651974	0.651975	1.15129e-06	0.001
0.014	-0.230821	-876.199	-0.230822	-0.230821	1.08499e-06	0.001
0.015	-1.10041	-862.937	-1.10041	-1.10041	1.01371e-06	0.001
0.016	-1.95648	-849.018	-1.95648	-1.95648	9.33985e-07	0.001
0.017	-2.7978	-833.148	-2.7978	-2.7978	7.994e-07	0.001
0.018	-3.6215	-813.418	-3.6215	-3.6215	5.34119e-07	0.001
0.02	-5.19338	-752.499	-5.19338	-5.19338	6.01766e-06	0.002
0.021	-5.92365	-705.863	-5.92365	-5.92365	1.81229e-06	0.001
0.022	-6.60039	-645.086	-6.60038	-6.60039	3.13459e-06	0.001
0.023	-7.20852	-568.442	-7.20851	-7.20852	4.48369e-06	0.001
0.024	-7.73177	-475.364	-7.73177	-7.73177	5.52551e-06	0.001
0.025	-8.15406	-366.801	-8.15406	-8.15406	5.87083e-06	0.001
0.026	-8.46108	-245.403	-8.46107	-8.46108	5.21196e-06	0.001
0.027	-8.64199	-115.414	-8.64199	-8.64199	3.47899e-06	0.001
0.028	-8.69085	17.738	-8.69085	-8.69085	9.31283e-07	0.001
0.029	-8.60744	148.115	-8.60745	-8.60744	1.88886e-06	0.001
0.03	-8.39744	270.059	-8.39744	-8.39744	4.34109e-06	0.001
0.031	-8.07171	378.909	-8.07171	-8.07171	5.92204e-06	0.001
0.032	-7.64506	471.499	-7.64507	-7.64506	6.42804e-06	0.001
0.033	-7.13465	546.334	-7.13465	-7.13465	5.97312e-06	0.001
0.034	-6.5583	603.492	-6.5583	-6.5583	4.88067e-06	0.001
0.035	-5.93313	644.293	-5.93313	-5.93313	3.52872e-06	0.001
0.036	-5.27445	670.892	-5.27445	-5.27445	2.22685e-06	0.001
0.037	-4.59522	685.858	-4.59522	-4.59522	1.16051e-06	0.001
0.038	-3.90573	691.831	-3.90573	-3.90573	3.95113e-07	0.001
0.04	-2.52466	686.297	-2.52465	-2.52466	6.2348e-06	0.002
0.041	-1.84203	678.625	-1.84203	-1.84203	4.62236e-07	0.001
0.042	-1.16788	669.528	-1.16788	-1.16788	4.87592e-07	0.001
0.043	-0.503162	659.859	-0.503162	-0.503162	4.71985e-07	0.001
0.044	0.151805	650.074	0.151805	0.151805	4.43504e-07	0.001
0.045	0.796983	640.27	0.796984	0.796983	4.1444e-07	0.001
0.046	1.43227	630.218	1.43227	1.43227	3.84351e-07	0.001
0.047	2.05717	619.397	2.05717	2.05717	3.43047e-07	0.001
0.049	3.27039	592.14	3.2704	3.27039	7.58378e-06	0.002
0.051	4.41589	550.083	4.41589	4.41589	3.86166e-06	0.002
0.052	4.95172	520.458	4.95172	4.95172	6.60651e-07	0.001
0.053	5.45439	483.59	5.45439	5.45439	1.07968e-06	0.001
0.054	5.9162	438.639	5.9162	5.9162	1.51465e-06	0.001
0.055	6.32882	385.171	6.32882	6.32882	1.89175e-06	0.001
0.056	6.68373	323.289	6.68373	6.68373	2.12055e-06	0.001
0.057	6.97283	253.72	6.97283	6.97283	2.1143e-06	0.001
0.058	7.18906	177.845	7.18906	7.18906	1.81705e-06	0.001
0.059	7.32707	97.633	7.32707	7.32707	1.22876e-06	0.001
0.06	7.38369	15.5001	7.38369	7.38369	4.1694e-07	0.001
0.061	7.35831	-65.9122	7.35831	7.35831	4.93418e-07	0.001
0.062	7.25298	-143.991	7.25298	7.25298	1.35079e-06	0.001
0.063	7.07222	-216.404	7.07222	7.07222	2.01822e-06	0.001
0.064	6.82268	-281.296	6.82269	6.82268	2.40863e-06	0.001
0.065	6.51256	-337.421	6.51256	6.51256	2.50127e-06	0.001
0.066	6.15097	-384.169	6.15098	6.15097	2.33596e-06	0.001
0.067	5.74736	-421.531	5.74736	5.74736	1.99118e-06	0.001
0.068	5.31088	-449.993	5.31088	5.31088	1.55697e-06	0.001
0.069	4.85006	-470.404	4.85006	4.85006	1.11262e-06	0.001
0.07	4.3724	-483.838	4.3724	4.3724	7.14238e-07	0.001
0.072	3.391	-494.472	3.39101	3.391	9.60178e-06	0.002
0.074	2.40399	-490.832	2.40399	2.40399	1.40238e-06	0.002
0.076	1.4324	-480.02	1.4324	1.4324	5.16875e-06	0.002
0.078	0.485565	-466.637	0.48556	0.485565	5.50675e-06	0.002
0.08	-0.433928	-452.856	-0.433933	-0.433928	4.9049e-06	0.002
0.082	-1.3257	-438.782	-1.32571	-1.3257	4.26153e-06	0.002
0.084	-2.18784	-422.837	-2.18784	-2.18784	3.34647e-06	0.002
0.086	-3.01391	-402.161	-3.01391	-3.01391	1.31536e-06	0.002
0.088	-3.7909	-373.115	-3.7909	-3.7909	2.74474e-06	0.002
0.09	-4.49831	-332.016	-4.49831	-4.49831	9.0648e-06	0.002
0.091	-4.81766	-306.029	-4.81766	-4.81766	4.61607e-07	0.001
0.092	-5.10908	-276.153	-5.10907	-5.10908	5.58229e-07	0.001
0.093	-5.36866	-242.389	-5.36866	-5.36866	6.25022e-07	0.001
0.094	-5.59262	-204.938	-5.59262	-5.59262	6.45979e-07	0.001
0.095	-5.77745	-164.205	-5.77744	-5.77745	6.08501e-07	0.001
0.096	-5.92014	-120.798	-5.92014	-5.92014	5.06781e-07	0.001
0.097	-6.01841	-75.5063	-6.01841	-6.01841	3.44324e-07	0.001
0.099	-6.07693	16.9539	-6.07693	-6.07693	4.02495e-06	0.002
0.1	-6.03728	62.0999	-6.03728	-6.03728	3.33289e-07	0.001
0.101	-5.95341	105.221	-5.95341	-5.95341	5.38389e-07	0.001
0.102	-5.82779	145.47	-5.8278	-5.82779	6.94098e-07	0.001
0.103	-5.66366	182.163	-5.66366	-5.66366	7.87802e-07	0.001
0.104	-5.46482	214.81	-5.46482	-5.46482	8.16879e-07	0.001
0.105	-5.23549	243.124	-5.23549	-5.23549	7.8774e-07	0.001
0.106	-4.98005	267.014	-4.98005	-4.98005	7.13204e-07	0.001
0.107	-4.70291	286.563	-4.70291	-4.70291	6.09162e-07	0.001
0.108	-4.40829	302	-4.40829	-4.40829	4.91442e-07	0.001
0.109	-4.10017	313.659	-4.10017	-4.10017	3.73509e-07	0.001
0.111	-3.45725	327.305	-3.45726	-3.45725	7.35294e-06	0.002
0.113	-2.79755	331.039	-2.79755	-2.79755	2.46684e-06	0.002
0.115	-2.13744	328.238	-2.13744	-2.13744	2.59737e-07	0.002
0.117	-1.4871	321.66	-1.4871	-1.4871	1.39615e-06	0.002
0.119	-0.851975	313.285	-0.851974	-0.851975	1.64773e-06	0.002
0.121	-0.234333	304.322	-0.234331	-0.234333	1.53954e-06	0.002
0.123	0.365285	295.298	0.365286	0.365285	1.35377e-06	0.002
0.125	0.946804	286.176	0.946806	0.946804	1.17674e-06	0.002
0.127	1.5096	276.46	1.5096	1.5096	9.66868e-07	0.002
0.129	2.05168	265.298	2.05169	2.05168	6.14335e-07	0.002
0.131	2.5691	251.602	2.5691	2.5691	4.54546e-09	0.002
0.133	3.05561	234.186	3.05561	3.05561	9.6595e-07	0.002
0.135	3.50263	211.951	3.50263	3.50263	2.22739e-06	0.002
0.137	3.89965	184.098	3.89965	3.89965	3.56702e-06	0.002
0.139	4.23508	150.364	4.23508	4.23508	4.5801e-06	0.002
0.141	4.49748	111.204	4.49747	4.49748	4.7826e-06	0.002
0.143	4.67709	67.8613	4.67709	4.67709	3.82417e-06	0.002
0.145	4.76742	22.2848	4.76742	4.76742	1.71871e-06	0.002
0.147	4.76633	-23.1429	4.76633	4.76633	1.06575e-06	0.002
0.149	4.67658	-65.984	4.67659	4.67658	3.7629e-06	0.002
0.151	4.50553	-104.14	4.50554	4.50553	5.64555e-06	0.002
0.153	4.26414	-136.146	4.26415	4.26414	6.33571e-06	0.002
0.155	3.96553	-161.306	3.96554	3.96553	5.90315e-06	0.002
0.157	3.62348	-179.645	3.62348	3.62348	4.73404e-06	0.002
0.159	3.25111	-191.756	3.25112	3.25111	3.29926e-06	0.002
0.161	2.85998	-198.582	2.85998	2.85998	1.96929e-06	0.002
0.163	2.45958	-201.213	2.45958	2.45958	9.41061e-07	0.002
0.167	1.65812	-198.073	1.65812	1.65812	3.34289e-06	0.004
0.169	1.26583	-194.044	1.26583	1.26583	3.09343e-07	0.002
0.171	0.882462	-189.233	0.882462	0.882462	3.61443e-07	0.002
0.173	0.509139	-184.055	0.509138	0.509139	3.49818e-07	0.002
0.177	-0.20591	-173.466	-0.205919	-0.20591	9.50291e-06	0.004
0.181	-0.8785	-162.761	-0.878508	-0.8785	7.21376e-06	0.004
0.185	-1.50652	-150.919	-1.50652	-1.50652	4.5589e-06	0.004
0.189	-2.08185	-136.072	-2.08185	-2.08185	5.89727e-07	0.004
0.193	-2.58837	-116.208	-2.58836	-2.58837	9.25752e-06	0.004
0.195	-2.80878	-103.929	-2.80878	-2.80878	5.21579e-07	0.002
0.197	-3.00299	-90.0033	-3.00299	-3.00299	6.25481e-07	0.002
0.199	-3.16775	-74.5103	-3.16775	-3.16775	6.60173e-07	0.002
0.201	-3.30012	-57.6604	-3.30012	-3.30012	6.00628e-07	0.002
0.203	-3.39771	-39.789	-3.39771	-3.39771	4.36846e-07	0.002
0.207	-3.48301	-2.81393	-3.483	-3.48301	5.46614e-06	0.004
0.209	-3.47046	15.2437	-3.47046	-3.47046	4.65813e-07	0.002
0.211	-3.42269	32.3248	-3.42269	-3.42269	7.55357e-07	0.002
0.213	-3.34211	47.9869	-3.34211	-3.34211	9.63655e-07	0.002
0.215	-3.23191	61.8895	-3.23191	-3.23191	1.06793e-06	0.002
0.217	-3.09587	73.8134	-3.09587	-3.09587	1.06744e-06	0.002
0.219	-2.93805	83.6632	-2.93805	-2.93805	9.79949e-07	0.002
0.221	-2.76259	91.4562	-2.76259	-2.76259	8.34046e-07	0.002
0.223	-2.57352	97.3026	-2.57352	-2.57352	6.60633e-07	0.002
0.225	-2.37456	101.38	-2.37456	-2.37456	4.86298e-07	0.002
0.229	-1.9598	105.125	-1.95981	-1.9598	9.0102e-06	0.004
0.233	-1.53929	104.562	-1.5393	-1.53929	2.51791e-06	0.004
0.237	-1.12679	101.375	-1.12679	-1.12679	5.80768e-07	0.004
0.241	-0.73008	96.8326	-0.730079	-0.73008	1.53323e-06	0.004
0.245	-0.352832	91.7469	-0.35283	-0.352832	1.51816e-06	0.004
0.249	0.00375295	86.5449	0.00375418	0.00375295	1.23019e-06	0.004
0.253	0.33956	81.361	0.339561	0.33956	9.47021e-07	0.004
0.257	0.65458	76.1275	0.654581	0.65458	7.07854e-07	0.004
0.261	0.948259	70.6512	0.948259	0.948259	4.56643e-07	0.004
0.269	1.4647	57.9622	1.4647	1.4647	7.70259e-07	0.008
0.273	1.68157	50.3041	1.68157	1.68157	7.24962e-07	0.004
0.277	1.86576	41.6222	1.86576	1.86576	1.06408e-06	0.004
0.281	2.01326	31.9813	2.01326	2.01326	1.13363e-06	0.004
0.285	2.12063	21.6097	2.12063	2.12063	8.08881e-07	0.004
0.293	2.20783	0.266941	2.20783	2.20783	1.88059e-06	0.008
0.297	2.1886	-9.74252	2.18861	2.1886	1.85697e-06	0.004
0.301	2.13129	-18.7097	2.13129	2.13129	2.55939e-06	0.004
0.305	2.04075	-26.3142	2.04075	2.04075	2.84341e-06	0.004
0.309	1.92283	-32.3838	1.92283	1.92283	2.70669e-06	0.004
0.313	1.78376	-36.8937	1.78377	1.78376	2.26704e-06	0.004
0.317	1.62964	-39.9402	1.62964	1.62964	1.6897e-06	0.004
0.321	1.46596	-41.7018	1.46596	1.46596	1.11968e-06	0.004
0.325	1.29744	-42.3988	1.29744	1.29744	6.46926e-07	0.004
0.333	0.960201	-41.4943	0.960209	0.960201	7.20116e-06	0.008
0.341	0.638293	-38.786	0.638291	0.638293	1.75727e-06	0.008
0.349	0.341604	-35.3186	0.341601	0.341604	3.30644e-06	0.008
0.357	0.0737054	-31.6482	0.0737028	0.0737054	2.57969e-06	0.008
0.365	-0.164822	-27.9923	-0.164824	-0.164822	1.69166e-06	0.008
0.373	-0.374289	-24.3782	-0.374291	-0.374289	1.08421e-06	0.008
0.381	-0.554846	-20.7536	-0.554847	-0.554846	6.87813e-07	0.008
0.389	-0.706159	-17.0597	-0.70616	-0.706159	4.27733e-07	0.008
0.405	-0.9184	-9.43427	-0.918409	-0.9184	8.53418e-06	0.016
0.413	-0.978599	-5.63196	-0.9786	-0.978599	8.78206e-07	0.008
0.421	-1.00897	-2.0003	-1.00897	-1.00897	1.43409e-06	0.008
0.429	-1.01144	1.31709	-1.01145	-1.01144	1.95678e-06	0.008
0.437	-0.989067	4.19559	-0.989069	-0.989067	2.2609e-06	0.008
0.445	-0.945712	6.55192	-0.945714	-0.945712	2.25551e-06	0.008
0.453	-0.885719	8.35383	-0.885721	-0.885719	1.97227e-06	0.008
0.461	-0.813491	9.61704	-0.813492	-0.813491	1.52528e-06	0.008
0.469	-0.733147	10.3934	-0.733148	-0.733147	1.04395e-06	0.008
0.477	-0.6483	10.7561	-0.6483	-0.6483	6.22993e-07	0.008
0.493	-0.476418	10.5581	-0.476426	-0.476418	7.5237e-06	0.016
0.509	-0.314488	9.59474	-0.314487	-0.314488	1.36479e-06	0.016
0.525	-0.171298	8.26729	-0.171294	-0.171298	3.4167e-06	0.016
0.541	-0.0506021	6.8111	-0.050599	-0.0506021	3.18818e-06	0.016
0.557	0.0466541	5.35236	0.0466567	0.0466541	2.6321e-06	0.016
0.573	0.121032	3.96006	0.121034	0.121032	2.24503e-06	0.016
0.589	0.173964	2.67765	0.173966	0.173964	2.03188e-06	0.016
0.605	0.207474	1.53692	0.207476	0.207474	1.8934e-06	0.016
0.621	0.224028	0.561276	0.22403	0.224028	1.73893e-06	0.016
0.637	0.226392	-0.23533	0.226394	0.226392	1.51864e-06	0.016
0.653	0.217471	-0.849704	0.217473	0.217471	1.22948e-06	0.016
0.669	0.200136	-1.28915	0.200137	0.200136	9.02392e-07	0.016
0.685	0.177068	-1.56953	0.177069	0.177068	5.79807e-07	0.016
0.717	0.122877	-1.74189	0.122885	0.122877	7.91137e-06	0.032
0.749	0.0693841	-1.55759	0.0693803	0.0693841	3.75058e-06	0.032
0.781	0.0251235	-1.1906	0.0251144	0.0251235	9.09799e-06	0.032
0.797	0.00773911	-0.981538	0.00773878	0.00773911	3.28287e-07	0.016
0.813	-0.00628679	-0.772581	-0.00628712	-0.00628679	3.23231e-07	0.016
0.845	-0.024718	-0.39033	-0.0247276	-0.024718	9.6493e-06	0.032
0.877	-0.0321678	-0.0912813	-0.0321754	-0.0321678	7.63725e-06	0.032
0.909	-0.0316286	0.108403	-0.0316337	-0.0316286	5.17688e-06	0.032
0.941	-0.0262324	0.214584	-0.0262352	-0.0262324	2.81421e-06	0.032
0.973	-0.0186956	0.245908	-0.0186965	-0.0186956	8.96912e-07	0.032
1.005	-0.0110412	0.225927	-0.0110408	-0.0110412	4.30328e-07	0.032
1.037	-0.00453888	0.177421	-0.0045377	-0.00453888	1.17921e-06	0.032
1.069	0.000210521	0.119032	0.000211973	0.000210521	1.45246e-06	0.032
1.101	0.00311574	0.063867	0.00311713	0.00311574	1.38911e-06	0.032
1.133	0.00441521	0.0195183	0.00441634	0.00441521	1.12792e-06	0.032
1.165	0.00451326	-0.0110456	0.00451405	0.00451326	7.8597e-07	0.032
1.197	0.00385221	-0.0281918	0.00385265	0.00385221	4.48657e-07	0.032
1.261	0.00174067	-0.0325949	0.00174504	0.00174067	4.36371e-06	0.064
1.325	7.47414e-05	-0.0182328	6.9589e-05	7.47414e-05	5.15243e-06	0.064
1.389	-0.000600237	-0.0037538	-0.000606498	-0.000600237	6.26062e-06	0.064
1.453	-0.000563268	0.00364101	-0.000566871	-0.000563268	3.60263e-06	0.064
1.517	-0.000271772	0.00468107	-0.000272583	-0.000271772	8.10597e-07	0.064
1.581	-2.62952e-05	0.00277469	-2.56371e-05	-2.62952e-05	6.58074e-07	0.064
1.645	8.0688e-05	0.000678237	8.15846e-05	8.0688e-05	8.96672e-07	0.064
1.709	8.19426e-05	-0.000458806	8.24892e-05	8.19426e-05	5.46582e-07	0.064
1.837	5.92381e-06	-0.000423533	9.19954e-06	5.92381e-06	3.27573e-06	0.128
1.965	-1.21913e-05	5.97961e-05	-1.62058e-05	-1.21913e-05	4.01458e-06	0.128
2.093	-1.15496e-06	6.49729e-05	-1.73449e-06	-1.15496e-06	5.79538e-07	0.128
2.221	1.80786e-06	-7.5813e-06	2.39887e-06	1.80786e-06	5.91008e-07	0.128
2.477	-4.68209e-07	1.23552e-06	1.20182e-06	-4.68209e-07	1.67003e-06	0.256
2.733	1.19364e-07	-1.10983e-07	-5.3265e-07	1.19364e-07	6.52015e-07	0.256
3.245	-1.73601e-06	6.24049e-06	2.55696e-06	-1.73601e-06	4.29298e-06	0.512
3.501	4.46896e-07	-8.87954e-07	-1.47023e-06	4.46896e-07	1.91712e-06	0.256
3.757	-1.13172e-07	2.22876e-08	5.97009e-07	-1.13172e-07	7.10181e-07	0.256
4.269	1.66316e-06	-4.95251e-06	-2.97348e-06	1.66316e-06	4.63664e-06	0.512
4.525	-4.2547e-07	5.56086e-07	1.72061e-06	-4.2547e-07	2.14608e-06	0.256
4.781	1.06993e-07	6.18422e-08	-6.56375e-07	1.06993e-07	7.63368e-07	0.256
5	-1.53988e-08	-2.30852e-07	1.14033e-07	-1.53988e-08	1.29432e-07	0.219
